0.05 37.229
0.06 32.9355
0.07 29.0172
0.08 25.5734
0.09 22.1359
0.1 19.7484
0.11 16.6358
0.12 14.0712
0.13 12.3693
0.14 10.1366
0.15 8.4113
0.16 5.83095
0.17 4.12311
0.18 2.59808
0.19 0.866025
0.2 0
0.21 1.73205
0.22 3.4641
0.23 4.33013
0.24 6.06218
0.25 6.68954
0.26 7.39932
0.27 8.24621
0.28 9.94987
0.29 10.8051
0.3 11.6619
0.31 12.52
0.32 13.3791
0.33 14.239
0.34 14.9248
0.35 14.9248
0.36 15.7797
0.37 16.6358
0.38 17.4929
0.39 17.4929
0.4 18.3507
0.41 19.2094
0.42 19.2094
0.43 19.7484
0.44 20.6095
0.45 20.6095
0.46 21.4709
0.47 21.4709
0.48 22.1359
0.49 22.1359
0.5 22.9946
0.51 22.9946
0.52 23.8537
0.53 23.8537
0.54 24.7134
0.55 24.7134
0.56 24.5357
0.57 25.3919
0.58 25.3919
0.59 26.2488
0.6 26.2488
0.61 26.2488
0.62 26.2488
0.63 27.1063
0.64 27.1063
0.65 27.1063
0.66 27.1063
0.67 27.9643
0.68 27.9643
0.69 27.9643
0.7 27.9643
0.71 27.9643
0.72 27.9643
0.73 27.9643
0.74 27.9643
0.75 27.9643
0.76 27.9643
0.77 27.9643
0.78 27.9643
0.79 27.1063
0.8 27.1063
0.81 26.2488
0.82 26.4339
0.83 25.5734
0.84 25.5734
0.85 24.7134
0.86 23.8537
0.87 22.9946
0.88 22.3327
0.89 20.6095
0.9 20.0686
0.91 18.3507
0.92 16.6358
0.93 15.7797
0.94 13.3791
0.95 11.8638
0.96 10.1366
0.97 7.54983
0.98 5.19615
0.99 2.59808
1 0
1.01 2.44949
1.02 4.89898
1.03 8.24621
1.04 10.6771
1.05 14.0712
1.06 16.6358
1.07 19.564
1.08 22.1359
1.09 25.3919
1.1 27.9643
1.11 30.3645
1.12 32.619
1.13 35.1959
1.14 37.7757
1.15 40.1622
1.16 42.7405
1.17 44.4607
1.18 47.0425
1.19 48.7647
