0.5 1.83 0 0.546448 
0.5 2 0 0.5 

0.6 1.41 0 0.70922 
0.6 1.42 0 0.704225 
0.6 1.43 0 0.699301 
0.6 1.44 0 0.694444 
0.6 1.45 0 0.689655 
0.6 1.46 0 0.684932 
0.6 1.47 0 0.680272 
0.6 1.54 0 0.649351 
0.6 1.61 0 0.621118 
0.6 1.62 0 0.617284 
0.6 1.63 0 0.613497 
0.6 1.64 0 0.609756 
0.6 1.65 0 0.606061 
0.6 1.66 0 0.60241 

0.7 1.3 0 0.769231 
0.7 1.31 0 0.763359 
0.7 1.32 0 0.757576 
0.7 1.33 0 0.75188 
0.7 1.34 0 0.746269 
0.7 1.42 0 0.704225 
0.7 1.45 0 0.689655 
0.7 1.46 0 0.684932 
0.7 1.47 0 0.680272 
0.7 1.48 0 0.675676 
0.7 1.49 0 0.671141 
0.7 1.5 0 0.666667 
0.7 1.51 0 0.662252 

0.8 1.21 0 0.826446 
0.8 1.22 0 0.819672 
0.8 1.23 0 0.813008 
0.8 1.24 0 0.806452 
0.8 1.25 0 0.8 

0.9 1 0 1 
0.9 1.01 0 0.990099 
0.9 1.02 0 0.980392 
0.9 1.03 0 0.970874 
0.9 1.04 0 0.961538 
0.9 1.05 0 0.952381 
0.9 1.07 0 0.934579 
0.9 1.08 0 0.925926 
0.9 1.09 0 0.917431 
0.9 1.1 0 0.909091 
0.9 1.11 0 0.900901 

1 0.9 0 1.11111 
1 0.91 0 1.0989 
1 0.92 0 1.08696 
1 0.93 0 1.07527 
1 0.94 0 1.06383 
1 0.99 0 1.0101 
1 1 0 1 

1.1 0.82 0 1.21951 
1.1 0.9 0 1.11111 

1.2 0.75 0 1.33333 
1.2 0.76 0 1.31579 
1.2 0.77 0 1.2987 
1.2 0.78 0 1.28205 

1.3 0.66 0.866025 1.51515 
1.3 0.67 0.866025 1.49254 
1.3 0.68 0.866025 1.47059 
1.3 0.73 0.866025 1.36986 
1.3 0.74 0.866025 1.35135 
1.3 0.75 0.866025 1.33333 
1.3 0.76 0.866025 1.31579 

1.4 0.71 0 1.40845 

1.5 0.6 0 1.66667 
1.5 0.61 0 1.63934 
1.5 0.7 0 1.42857 

1.6 0.6 0 1.66667 
1.6 0.61 0 1.63934 
1.6 0.62 0 1.6129 

1.7 0.53 0 1.88679 
1.7 0.58 0 1.72414 

1.8 0.51 0 1.96078 
1.8 0.54 0 1.85185 
1.8 0.55 0 1.81818 

1.9 0.48 0 2.08333 
1.9 0.49 0 2.04082 
1.9 0.52 0 1.92308 

2 0.49 0 2.04082 
2 0.5 0 2 

2.1 0.43 0 2.32558 
2.1 0.44 0 2.27273 

2.2 0.44 0 2.27273 
2.2 0.45 0 2.22222 

2.3 0.4 0 2.5 
2.3 0.41 0 2.43902 
2.3 0.45 0 2.22222 

2.4 0.41 0 2.43902 

2.5 0.4 0 2.5 

2.6 0.37 0.866025 2.7027 
2.6 0.38 0.866025 2.63158 

2.7 0.37 0 2.7027 

2.8 0.35 0 2.85714 

2.9 0.34 0 2.94118 

3 0.32 0 3.125 
3 0.33 0 3.0303 

3.1 0.31 0 3.22581 
3.1 0.32 0 3.125 

3.2 0.31 0 3.22581 

3.3 0.29 0 3.44828 
3.3 0.3 0 3.33333 

3.4 0.28 0 3.57143 
3.4 0.29 0 3.44828 

3.5 0.28 0 3.57143 

3.6 0.27 0 3.7037 

3.7 0.26 0 3.84615 
3.7 0.27 0 3.7037 

3.8 0.26 0 3.84615 

3.9 0.25 0 4 

4 0.24 0 4.16667 
4 0.25 0 4 

4.1 0.24 0 4.16667 

4.2 0.23 0 4.34783 

4.3 0.23 0 4.34783 

4.4 0.22 0 4.54545 

4.5 0.22 0 4.54545 

4.6 0.21 0.866025 4.7619 
4.6 0.22 0.866025 4.54545 
4.6 1.13 0.866025 0.884956 

4.7 0.21 0 4.7619 

4.8 0.2 0 5 
4.8 1.01 0 0.990099 

4.9 0.2 0 5 

5 0.2 0 5 

