0.5 0.1 5.78685
0.5 0.11 5.70245
0.5 0.12 5.56356
0.5 0.13 5.52281
0.5 0.14 5.55563
0.5 0.15 5.59319
0.5 0.16 5.50081
0.5 0.17 5.43025
0.5 0.18 5.29879
0.5 0.19 5.33918
0.5 0.2 5.35464
0.5 0.21 5.27482
0.5 0.22 5.22971
0.5 0.23 5.07139
0.5 0.24 5.07139
0.5 0.25 5.07682
0.5 0.26 4.95489
0.5 0.27 4.90123
0.5 0.28 4.87304
0.5 0.29 4.85605
0.5 0.3 4.87643
0.5 0.31 4.84242
0.5 0.32 4.80473
0.5 0.33 4.67571
0.5 0.34 4.4918
0.5 0.35 4.51139
0.5 0.36 4.55635
0.5 0.37 4.5065
0.5 0.38 4.40636
0.5 0.39 4.23159
0.5 0.4 4.22768
0.5 0.41 4.15804
0.5 0.42 4.17654
0.5 0.43 4.0737
0.5 0.44 3.9038
0.5 0.45 4.00275
0.5 0.46 3.96124
0.5 0.47 3.95707
0.5 0.48 3.85837
0.5 0.49 3.65601
0.5 0.5 3.65601
0.5 0.51 3.58909
0.5 0.52 3.58909
0.5 0.53 3.49419
0.5 0.54 3.33609
0.5 0.55 3.39177
0.5 0.56 3.37712
0.5 0.57 3.35256
0.5 0.58 3.3542
0.5 0.59 3.12459
0.5 0.6 3.02788
0.5 0.61 3.02606
0.5 0.62 2.98204
0.5 0.63 3.01694
0.5 0.64 2.90151
0.5 0.65 2.8459
0.5 0.66 2.78722
0.5 0.67 2.72727
0.5 0.68 2.75541
0.5 0.69 2.75741
0.5 0.7 2.66391
0.5 0.71 2.58412
0.5 0.72 2.45959
0.5 0.73 2.42803
0.5 0.74 2.45959
0.5 0.75 2.32841
0.5 0.76 2.31655
0.5 0.77 2.29264
0.5 0.78 2.25874
0.5 0.79 2.18182
0.5 0.8 2.12554
0.5 0.81 2.12813
0.5 0.82 2.08365
0.5 0.83 2.05167
0.5 0.84 2.01099
0.5 0.85 1.88659
0.5 0.86 1.88659
0.5 0.87 1.88951
0.5 0.88 1.76279
0.5 0.89 1.66308
0.5 0.9 1.77525
0.5 0.91 1.76903
0.5 0.92 1.83026
0.5 0.93 1.77214
0.5 0.94 1.77214
0.5 0.95 1.58157
0.5 0.96 1.58157
0.5 0.97 1.60234
0.5 0.98 1.5103
0.5 0.99 1.50664
0.5 1 1.5103
0.5 1.01 1.38866
0.5 1.02 1.38866
0.5 1.03 1.28136
0.5 1.04 1.28136
0.5 1.05 1.33609
0.5 1.06 1.19687
0.5 1.07 1.1642
0.5 1.08 1.15946
0.5 1.09 1.16893
0.5 1.1 1.16893
0.5 1.11 1.04973
0.5 1.12 1.04973
0.5 1.13 1.05496
0.5 1.14 1.05496
0.5 1.15 0.950569
0.5 1.16 0.962091
0.5 1.17 0.962091
0.5 1.18 0.962091
0.5 1.19 0.813116
0.5 1.2 0.806311
0.5 1.21 0.785544
0.5 1.22 0.785544
0.5 1.23 0.884516
0.5 1.24 0.813116
0.5 1.25 0.813116
0.5 1.26 0.846318
0.5 1.27 0.871969
0.5 1.28 0.846318
0.5 1.29 0.727273
0.5 1.3 0.727273
0.5 1.31 0.74227
0.5 1.32 0.74227
0.5 1.33 0.672154
0.5 1.34 0.672154
0.5 1.35 0.565296
0.5 1.36 0.565296
0.5 1.37 0.565296
0.5 1.38 0.621027
0.5 1.39 0.593816
0.5 1.4 0.593816
0.5 1.41 0.655555
0.5 1.42 0.655555
0.5 1.43 0.749656
0.5 1.44 0.764213
0.5 1.45 0.764213
0.5 1.46 0.719657
0.5 1.47 0.719657
0.5 1.48 0.727273
0.5 1.49 0.680301
0.5 1.5 0.680301
0.5 1.51 0.704179
0.5 1.52 0.704179
0.5 1.53 0.704179
0.5 1.54 0.71196
0.5 1.55 0.71196
0.5 1.56 0.819864
0.5 1.57 0.819864
0.5 1.58 0.839782
0.5 1.59 0.839782
0.5 1.6 0.806311

1 0.1 6.14337
1 0.11 6.17825
1 0.12 6.10649
1 0.13 6.05848
1 0.14 6.08661
1 0.15 6.01651
1 0.16 5.8106
1 0.17 5.73424
1 0.18 5.79541
1 0.19 5.77064
1 0.2 5.65393
1 0.21 5.44039
1 0.22 5.35773
1 0.23 5.31954
1 0.24 5.21916
1 0.25 5.14581
1 0.26 5.05398
1 0.27 4.92813
1 0.28 4.78519
1 0.29 4.78865
1 0.3 4.81275
1 0.31 4.57204
1 0.32 4.4869
1 0.33 4.39258
1 0.34 4.24069
1 0.35 4.30516
1 0.36 4.13145
1 0.37 3.9207
1 0.38 3.85695
1 0.39 3.81529
1 0.4 3.67705
1 0.41 3.44336
1 0.42 3.51776
1 0.43 3.50364
1 0.44 3.40798
1 0.45 3.24907
1 0.46 3.11223
1 0.47 3.01146
1 0.48 2.98758
1 0.49 2.84397
1 0.5 2.75941
1 0.51 2.66804
1 0.52 2.67423
1 0.53 2.59476
1 0.54 2.47077
1 0.55 2.32604
1 0.56 2.24652
1 0.57 2.2144
1 0.58 2.23175
1 0.59 2.28783
1 0.6 1.99448
1 0.61 1.96386
1 0.62 1.87781
1 0.63 1.87193
1 0.64 1.74394
1 0.65 1.75025
1 0.66 1.49194
1 0.67 1.40836
1 0.68 1.48082
1 0.69 1.51394
1 0.7 1.55346
1 0.71 1.55346
1 0.72 1.36868
1 0.73 1.33196
1 0.74 1.42392
1 0.75 1.32366
1 0.76 1.21515
1 0.77 1.19687
1 0.78 1.1208
1 0.79 1.21061
1 0.8 1.00686
1 0.81 1.09091
1 0.82 1.14512
1 0.83 1.23315
1 0.84 1.21515
1 0.85 1.06536
1 0.86 1.00686
1 0.87 1.09091
1 0.88 1.08585
1 0.89 1.17363
1 0.9 1.1642
1 0.91 1.10596
1 0.92 1.08585
1 0.93 1.1403
1 0.94 1.1642
1 0.95 1.1642
1 0.96 1.24205
1 0.97 1.37671
1 0.98 1.37671
1 0.99 1.37671
1 1 1.41616
1 1.01 1.45075
1 1.02 1.45455
1 1.03 1.45455
1 1.04 1.48082
1 1.05 1.48082
1 1.06 1.56053
1 1.07 1.62623
1 1.08 1.70237
1 1.09 1.73443
1 1.1 1.75025
1 1.11 1.76279
1 1.12 1.81515
1 1.13 1.85419
1 1.14 1.89242
1 1.15 1.89824
1 1.16 1.92704
1 1.17 1.92704
1 1.18 1.9834
1 1.19 2.0055
1 1.2 2.0355
1 1.21 2.02736
1 1.22 2.09683
1 1.23 2.15897
1 1.24 2.15897
1 1.25 2.1333
1 1.26 2.1333
1 1.27 2.16661
1 1.28 2.21191
1 1.29 2.23915
1 1.3 2.23915
1 1.31 2.27818
1 1.32 2.32841
1 1.33 2.32841
1 1.34 2.40981
1 1.35 2.48411
1 1.36 2.48411
1 1.37 2.48411
1 1.38 2.50399
1 1.39 2.50399
1 1.4 2.57558
1 1.41 2.60747
1 1.42 2.60747
1 1.43 2.60747
1 1.44 2.6327
1 1.45 2.65355
1 1.46 2.70496
1 1.47 2.70496
1 1.48 2.75341
1 1.49 2.75341
1 1.5 2.79314
1 1.51 2.83815
1 1.52 2.83815
1 1.53 2.83815
1 1.54 2.93549
1 1.55 2.93549
1 1.56 2.93549
1 1.57 2.93549
1 1.58 2.93549
1 1.59 2.97279
1 1.6 3.04059

1.5 0.1 6.57401
1.5 0.11 6.62161
1.5 0.12 6.335
1.5 0.13 6.28523
1.5 0.14 6.17558
1.5 0.15 6.07574
1.5 0.16 5.94372
1.5 0.17 5.87379
1.5 0.18 5.69181
1.5 0.19 5.57246
1.5 0.2 5.52779
1.5 0.21 5.29671
1.5 0.22 5.26436
1.5 0.23 5.07573
1.5 0.24 4.86739
1.5 0.25 4.74704
1.5 0.26 4.53453
1.5 0.27 4.43999
1.5 0.28 4.32432
1.5 0.29 4.21985
1.5 0.3 4.02745
1.5 0.31 3.93193
1.5 0.32 3.90521
1.5 0.33 3.72173
1.5 0.34 3.5737
1.5 0.35 3.4863
1.5 0.36 3.29955
1.5 0.37 3.12459
1.5 0.38 3.04783
1.5 0.39 2.96722
1.5 0.4 2.85942
1.5 0.41 2.65355
1.5 0.42 2.6327
1.5 0.43 2.42576
1.5 0.44 2.31417
1.5 0.45 2.26362
1.5 0.46 2.12294
1.5 0.47 2.1513
1.5 0.48 1.90981
1.5 0.49 1.94695
1.5 0.5 1.81211
1.5 0.51 1.63973
1.5 0.52 1.61262
1.5 0.53 1.83026
1.5 0.54 1.49931
1.5 0.55 1.52843
1.5 0.56 1.53562
1.5 0.57 1.3807
1.5 0.58 1.41226
1.5 0.59 1.49563
1.5 0.6 1.41226
1.5 0.61 1.39657
1.5 0.62 1.48082
1.5 0.63 1.44695
1.5 0.64 1.49931
1.5 0.65 1.52843
1.5 0.66 1.46962
1.5 0.67 1.5989
1.5 0.68 1.59199
1.5 0.69 1.54278
1.5 0.7 1.60577
1.5 0.71 1.59199
1.5 0.72 1.72488
1.5 0.73 1.82423
1.5 0.74 1.7471
1.5 0.75 1.79684
1.5 0.76 1.86899
1.5 0.77 1.91557
1.5 0.78 1.94695
1.5 0.79 2.03279
1.5 0.8 2.10993
1.5 0.81 2.17929
1.5 0.82 2.20693
1.5 0.83 2.18686
1.5 0.84 2.21937
1.5 0.85 2.24897
1.5 0.86 2.39835
1.5 0.87 2.5541
1.5 0.88 2.57558
1.5 0.89 2.62642
1.5 0.9 2.62642
1.5 0.91 2.62642
1.5 0.92 2.70292
1.5 0.93 2.80102
1.5 0.94 2.8459
1.5 0.95 2.88627
1.5 0.96 2.91855
1.5 0.97 2.88245
1.5 0.98 2.86904
1.5 0.99 2.95233
1.5 1 2.96165
1.5 1.01 3.01146
1.5 1.02 3.07841
1.5 1.03 3.12283
1.5 1.04 3.12283
1.5 1.05 3.12283
1.5 1.06 3.18398
1.5 1.07 3.27777
1.5 1.08 3.31122
1.5 1.09 3.31122
1.5 1.1 3.36568
1.5 1.11 3.36568
1.5 1.12 3.41444
1.5 1.13 3.47363
1.5 1.14 3.52089
1.5 1.15 3.52089
1.5 1.16 3.62574
1.5 1.17 3.62574
1.5 1.18 3.62574
1.5 1.19 3.62574
1.5 1.2 3.62574
1.5 1.21 3.74092
1.5 1.22 3.72173
1.5 1.23 3.72173
1.5 1.24 3.74239
1.5 1.25 3.81674
1.5 1.26 3.81674
1.5 1.27 3.88257
1.5 1.28 3.88257
1.5 1.29 3.99449
1.5 1.3 3.99449
1.5 1.31 3.99449
1.5 1.32 4.02609
1.5 1.33 4.02609
1.5 1.34 4.02609
1.5 1.35 4.02609
1.5 1.36 4.12878
1.5 1.37 4.12878
1.5 1.38 4.12878
1.5 1.39 4.11274
1.5 1.4 4.15406
1.5 1.41 4.09259
1.5 1.42 4.16201
1.5 1.43 4.16201
1.5 1.44 4.16201
1.5 1.45 4.21463
1.5 1.46 4.21463
1.5 1.47 4.25366
1.5 1.48 4.25366
1.5 1.49 4.25366
1.5 1.5 4.25366
1.5 1.51 4.25366
1.5 1.52 4.31794
1.5 1.53 4.36868
1.5 1.54 4.36868
1.5 1.55 4.36868
1.5 1.56 4.36868
1.5 1.57 4.36868
1.5 1.58 4.36868
1.5 1.59 4.43005
1.5 1.6 4.43005

2 0.1 6.48711
2 0.11 6.4522
2 0.12 6.16575
2 0.13 6.10288
2 0.14 5.92608
2 0.15 5.66075
2 0.16 5.57642
2 0.17 5.42923
2 0.18 5.19377
2 0.19 5.07139
2 0.2 4.88547
2 0.21 4.74588
2 0.22 4.53332
2 0.23 4.44247
2 0.24 4.09797
2 0.25 4.00138
2 0.26 3.78921
2 0.27 3.62878
2 0.28 3.43696
2 0.29 3.18398
2 0.3 3.12988
2 0.31 2.91855
2 0.32 2.8748
2 0.33 2.57985
2 0.34 2.56486
2 0.35 2.24652
2 0.36 2.3799
2 0.37 1.98895
2 0.38 2.0382
2 0.39 1.86308
2 0.4 1.86308
2 0.41 1.75653
2 0.42 1.75966
2 0.43 1.60577
2 0.44 1.56758
2 0.45 1.5212
2 0.46 1.57109
2 0.47 1.64978
2 0.48 1.64643
2 0.49 1.62623
2 0.5 1.59199
2 0.51 1.78145
2 0.52 1.78145
2 0.53 1.84525
2 0.54 1.90403
2 0.55 2.081
2 0.56 2.081
2 0.57 2.20693
2 0.58 2.26605
2 0.59 2.3213
2 0.6 2.43483
2 0.61 2.45735
2 0.62 2.49738
2 0.63 2.5541
2 0.64 2.74339
2 0.65 2.79709
2 0.66 2.92797
2 0.67 2.9486
2 0.68 3.04421
2 0.69 3.04421
2 0.7 3.09803
2 0.71 3.17011
2 0.72 3.27104
2 0.73 3.38038
2 0.74 3.50835
2 0.75 3.56289
2 0.76 3.61509
2 0.77 3.61509
2 0.78 3.68154
2 0.79 3.70838
2 0.8 3.70838
2 0.81 3.89108
2 0.82 3.91226
2 0.83 3.94452
2 0.84 3.94452
2 0.85 4.02745
2 0.86 4.02745
2 0.87 4.09259
2 0.88 4.1976
2 0.89 4.23809
2 0.9 4.25625
2 0.91 4.25625
2 0.92 4.2666
2 0.93 4.28078
2 0.94 4.4026
2 0.95 4.50038
2 0.96 4.50038
2 0.97 4.5636
2 0.98 4.5636
2 0.99 4.5636
2 1 4.5636
2 1.01 4.5636
2 1.02 4.66981
2 1.03 4.73077
2 1.04 4.73077
2 1.05 4.73077
2 1.06 4.73077
2 1.07 4.73077
2 1.08 4.72144
2 1.09 4.84128
2 1.1 4.84128
2 1.11 4.84128
2 1.12 4.87982
2 1.13 4.93149
2 1.14 4.93149
2 1.15 5.00578
2 1.16 5.00578
2 1.17 5.00578
2 1.18 5.00578
2 1.19 5.00578
2 1.2 5.11359
2 1.21 5.11359
2 1.22 5.11359
2 1.23 5.11359
2 1.24 5.05289
2 1.25 5.05289
2 1.26 5.05289
2 1.27 5.16824
2 1.28 5.16824
2 1.29 5.16824
2 1.3 5.16824
2 1.31 5.16824
2 1.32 5.16824
2 1.33 5.22444
2 1.34 5.3019
2 1.35 5.3019
2 1.36 5.3019
2 1.37 5.3019
2 1.38 5.3019
2 1.39 5.3019
2 1.4 5.3019
2 1.41 5.3019
2 1.42 5.3019
2 1.43 5.3019
2 1.44 5.3019
2 1.45 5.3019
2 1.46 5.25284
2 1.47 5.25284
2 1.48 5.21388
2 1.49 5.21388
2 1.5 5.22022
2 1.51 5.22022
2 1.52 5.22022
2 1.53 5.22022
2 1.54 5.22022
2 1.55 5.22022
2 1.56 5.22022
2 1.57 5.22022
2 1.58 5.22022
2 1.59 5.24864
2 1.6 5.24864

2.5 0.1 6.28348
2.5 0.11 6.1326
2.5 0.12 5.8597
2.5 0.13 5.67436
2.5 0.14 5.5248
2.5 0.15 5.30502
2.5 0.16 5.1308
2.5 0.17 4.88208
2.5 0.18 4.65445
2.5 0.19 4.35858
2.5 0.2 4.25884
2.5 0.21 3.98205
2.5 0.22 3.73503
2.5 0.23 3.54429
2.5 0.24 3.37059
2.5 0.25 3.08377
2.5 0.26 3.03151
2.5 0.27 2.71715
2.5 0.28 2.54545
2.5 0.29 2.51497
2.5 0.3 2.21689
2.5 0.31 2.08893
2.5 0.32 1.98895
2.5 0.33 1.92704
2.5 0.34 1.85419
2.5 0.35 1.76903
2.5 0.36 1.48825
2.5 0.37 1.66308
2.5 0.38 1.57459
2.5 0.39 1.64643
2.5 0.4 1.60577
2.5 0.41 1.77835
2.5 0.42 1.85716
2.5 0.43 1.88074
2.5 0.44 2.06772
2.5 0.45 2.21689
2.5 0.46 2.18938
2.5 0.47 2.3213
2.5 0.48 2.35195
2.5 0.49 2.54978
2.5 0.5 2.69476
2.5 0.51 2.69476
2.5 0.52 2.88054
2.5 0.53 2.91098
2.5 0.54 3.08734
2.5 0.55 3.07841
2.5 0.56 3.12636
2.5 0.57 3.24228
2.5 0.58 3.34927
2.5 0.59 3.45135
2.5 0.6 3.51149
2.5 0.61 3.51149
2.5 0.62 3.73207
2.5 0.63 3.77464
2.5 0.64 3.88115
2.5 0.65 3.88115
2.5 0.66 3.94452
2.5 0.67 3.94452
2.5 0.68 4.07911
2.5 0.69 4.2666
2.5 0.7 4.36994
2.5 0.71 4.36994
2.5 0.72 4.44247
2.5 0.73 4.42258
2.5 0.74 4.42258
2.5 0.75 4.56843
2.5 0.76 4.68983
2.5 0.77 4.68983
2.5 0.78 4.72727
2.5 0.79 4.77597
2.5 0.8 4.77943
2.5 0.81 4.85492
2.5 0.82 4.81389
2.5 0.83 4.88772
2.5 0.84 4.88772
2.5 0.85 4.94488
2.5 0.86 4.98593
2.5 0.87 4.98593
2.5 0.88 5.05507
2.5 0.89 5.13402
2.5 0.9 5.13402
2.5 0.91 5.13402
2.5 0.92 5.13402
2.5 0.93 5.18634
2.5 0.94 5.18634
2.5 0.95 5.26227
2.5 0.96 5.26227
2.5 0.97 5.29046
2.5 0.98 5.29046
2.5 0.99 5.35155
2.5 1 5.33609
2.5 1.01 5.41806
2.5 1.02 5.41806
2.5 1.03 5.41806
2.5 1.04 5.41806
2.5 1.05 5.41806
2.5 1.06 5.46464
2.5 1.07 5.46464
2.5 1.08 5.46464
2.5 1.09 5.46464
2.5 1.1 5.46464
2.5 1.11 5.43329
2.5 1.12 5.43329
2.5 1.13 5.43329
2.5 1.14 5.50182
2.5 1.15 5.50182
2.5 1.16 5.50182
2.5 1.17 5.50182
2.5 1.18 5.50182
2.5 1.19 5.50182
2.5 1.2 5.50182
2.5 1.21 5.57839
2.5 1.22 5.57839
2.5 1.23 5.57839
2.5 1.24 5.57839
2.5 1.25 5.60008
2.5 1.26 5.60008
2.5 1.27 5.60008
2.5 1.28 5.68503
2.5 1.29 5.68503
2.5 1.3 5.68503
2.5 1.31 5.68503
2.5 1.32 5.68503
2.5 1.33 5.68503
2.5 1.34 5.68503
2.5 1.35 5.71596
2.5 1.36 5.71596
2.5 1.37 5.71596
2.5 1.38 5.71596
2.5 1.39 5.71596
2.5 1.4 5.71596
2.5 1.41 5.71596
2.5 1.42 5.71596
2.5 1.43 5.7563
2.5 1.44 5.7563
2.5 1.45 5.7563
2.5 1.46 5.7563
2.5 1.47 5.7563
2.5 1.48 5.7563
2.5 1.49 5.7563
2.5 1.5 5.80586
2.5 1.51 5.80586
2.5 1.52 5.80586
2.5 1.53 5.80586
2.5 1.54 5.80586
2.5 1.55 5.80586
2.5 1.56 5.8644
2.5 1.57 5.8644
2.5 1.58 5.8644
2.5 1.59 5.8644
2.5 1.6 5.8644

3 0.1 5.86064
3 0.11 5.68697
3 0.12 5.45959
3 0.13 5.17038
3 0.14 4.96933
3 0.15 4.72844
3 0.16 4.37499
3 0.17 4.27047
3 0.18 3.91508
3 0.19 3.74092
3 0.2 3.54584
3 0.21 3.28784
3 0.22 2.99311
3 0.23 2.75341
3 0.24 2.5259
3 0.25 2.3799
3 0.26 2.25386
3 0.27 1.92418
3 0.28 1.9299
3 0.29 1.79684
3 0.3 1.66639
3 0.31 1.66639
3 0.32 1.79991
3 0.33 1.68611
3 0.34 1.76592
3 0.35 1.75339
3 0.36 1.98618
3 0.37 2.09946
3 0.38 2.10993
3 0.39 2.28301
3 0.4 2.38914
3 0.41 2.59051
3 0.42 2.69066
3 0.43 2.84009
3 0.44 2.89961
3 0.45 3.01329
3 0.46 3.18744
3 0.47 3.28281
3 0.48 3.32947
3 0.49 3.60441
3 0.5 3.692
3 0.51 3.73945
3 0.52 3.87263
3 0.53 3.9207
3 0.54 3.97513
3 0.55 4.04247
3 0.56 4.12077
3 0.57 4.28207
3 0.58 4.28207
3 0.59 4.44867
3 0.6 4.51749
3 0.61 4.62238
3 0.62 4.69804
3 0.63 4.75516
3 0.64 4.81046
3 0.65 4.81046
3 0.66 4.81046
3 0.67 5.10172
3 0.68 5.10172
3 0.69 5.1265
3 0.7 5.23603
3 0.71 5.23603
3 0.72 5.18846
3 0.73 5.27273
3 0.74 5.40584
3 0.75 5.40584
3 0.76 5.40584
3 0.77 5.43532
3 0.78 5.50282
3 0.79 5.5248
3 0.8 5.62266
3 0.81 5.70728
3 0.82 5.70728
3 0.83 5.70728
3 0.84 5.70728
3 0.85 5.75343
3 0.86 5.8352
3 0.87 5.8352
3 0.88 5.8352
3 0.89 5.8352
3 0.9 5.8352
3 0.91 5.8352
3 0.92 5.97884
3 0.93 5.97884
3 0.94 5.91398
3 0.95 5.91398
3 0.96 5.91398
3 0.97 5.91398
3 0.98 5.91398
3 0.99 5.977
3 1 5.977
3 1.01 5.977
3 1.02 5.977
3 1.03 5.977
3 1.04 5.977
3 1.05 5.977
3 1.06 5.977
3 1.07 5.977
3 1.08 5.977
3 1.09 5.977
3 1.1 5.977
3 1.11 5.977
3 1.12 5.977
3 1.13 5.977
3 1.14 5.977
3 1.15 5.977
3 1.16 5.977
3 1.17 5.977
3 1.18 5.977
3 1.19 5.92143
3 1.2 5.92143
3 1.21 5.92143
3 1.22 5.88129
3 1.23 5.88129
3 1.24 5.88129
3 1.25 5.88129
3 1.26 5.88129
3 1.27 5.88129
3 1.28 5.88129
3 1.29 5.84464
3 1.3 5.84464
3 1.31 5.84464
3 1.32 5.84464
3 1.33 5.84464
3 1.34 5.84464
3 1.35 5.84464
3 1.36 5.84464
3 1.37 5.81723
3 1.38 5.81723
3 1.39 5.81723
3 1.4 5.81723
3 1.41 5.81723
3 1.42 5.81723
3 1.43 5.81723
3 1.44 5.81723
3 1.45 5.81723
3 1.46 5.81723
3 1.47 5.81723
3 1.48 5.81723
3 1.49 5.81723
3 1.5 5.80965
3 1.51 5.80965
3 1.52 5.80965
3 1.53 5.80965
3 1.54 5.80965
3 1.55 5.75917
3 1.56 5.75917
3 1.57 5.75917
3 1.58 5.80206
3 1.59 5.80206
3 1.6 5.80206

3.5 0.1 5.57839
3.5 0.11 5.48577
3.5 0.12 5.08333
3.5 0.13 4.7039
3.5 0.14 4.47829
3.5 0.15 4.32432
3.5 0.16 3.91789
3.5 0.17 3.68154
3.5 0.18 3.30456
3.5 0.19 3.09269
3.5 0.2 2.93549
3.5 0.21 2.62012
3.5 0.22 2.54329
3.5 0.23 2.19692
3.5 0.24 2.09157
3.5 0.25 1.89824
3.5 0.26 1.83327
3.5 0.27 1.7907
3.5 0.28 1.82725
3.5 0.29 1.86308
3.5 0.3 1.94129
3.5 0.31 1.96386
3.5 0.32 2.28783
3.5 0.33 2.4303
3.5 0.34 2.5541
3.5 0.35 2.707
3.5 0.36 2.91477
3.5 0.37 3.10868
3.5 0.38 3.16663
3.5 0.39 3.32451
3.5 0.4 3.56599
3.5 0.41 3.68303
3.5 0.42 3.68303
3.5 0.43 3.83402
3.5 0.44 3.99587
3.5 0.45 4.13678
3.5 0.46 4.30004
3.5 0.47 4.43751
3.5 0.48 4.57686
3.5 0.49 4.62953
3.5 0.5 4.71327
3.5 0.51 4.79554
3.5 0.52 4.73659
3.5 0.53 4.90572
3.5 0.54 5.08549
3.5 0.55 5.16824
3.5 0.56 5.16824
3.5 0.57 5.24864
3.5 0.58 5.24864
3.5 0.59 5.31125
3.5 0.6 5.34949
3.5 0.61 5.4958
3.5 0.62 5.65198
3.5 0.63 5.65198
3.5 0.64 5.65198
3.5 0.65 5.65198
3.5 0.66 5.66464
3.5 0.67 5.81913
3.5 0.68 5.87097
3.5 0.69 5.91026
3.5 0.7 5.87191
3.5 0.71 5.87191
3.5 0.72 5.87191
3.5 0.73 5.87191
3.5 0.74 5.87191
3.5 0.75 5.93259
3.5 0.76 6.02566
3.5 0.77 6.02566
3.5 0.78 6.02566
3.5 0.79 6.02566
3.5 0.8 6.02566
3.5 0.81 6.09385
3.5 0.82 6.09385
3.5 0.83 6.08118
3.5 0.84 6.06212
3.5 0.85 6.06212
3.5 0.86 6.06212
3.5 0.87 6.06212
3.5 0.88 6.06212
3.5 0.89 6.06212
3.5 0.9 6.06212
3.5 0.91 6.06212
3.5 0.92 6.06212
3.5 0.93 6.01834
3.5 0.94 6.01834
3.5 0.95 6.0284
3.5 0.96 6.0284
3.5 0.97 6.0284
3.5 0.98 6.0284
3.5 0.99 6.0284
3.5 1 6.0284
3.5 1.01 6.0284
3.5 1.02 6.0284
3.5 1.03 6.0284
3.5 1.04 6.06757
3.5 1.05 6.06757
3.5 1.06 6.06757
3.5 1.07 6.06757
3.5 1.08 6.06757
3.5 1.09 6.06757
3.5 1.1 6.06757
3.5 1.11 6.06757
3.5 1.12 6.1353
3.5 1.13 6.1353
3.5 1.14 6.1353
3.5 1.15 6.1353
3.5 1.16 6.1353
3.5 1.17 6.1353
3.5 1.18 6.12271
3.5 1.19 6.20761
3.5 1.2 6.22268
3.5 1.21 6.22268
3.5 1.22 6.22268
3.5 1.23 6.22268
3.5 1.24 6.22268
3.5 1.25 6.26592
3.5 1.26 6.35584
3.5 1.27 6.35584
3.5 1.28 6.35584
3.5 1.29 6.35584
3.5 1.3 6.35584
3.5 1.31 6.35584
3.5 1.32 6.35584
3.5 1.33 6.35584
3.5 1.34 6.35584
3.5 1.35 6.35584
3.5 1.36 6.35584
3.5 1.37 6.35584
3.5 1.38 6.35584
3.5 1.39 6.35584
3.5 1.4 6.35584
3.5 1.41 6.35584
3.5 1.42 6.35584
3.5 1.43 6.35584
3.5 1.44 6.35584
3.5 1.45 6.35584
3.5 1.46 6.35584
3.5 1.47 6.35584
3.5 1.48 6.35584
3.5 1.49 6.35584
3.5 1.5 6.35584
3.5 1.51 6.35584
3.5 1.52 6.35584
3.5 1.53 6.35584
3.5 1.54 6.35584
3.5 1.55 6.35584
3.5 1.56 6.35584
3.5 1.57 6.35584
3.5 1.58 6.35584
3.5 1.59 6.35584
3.5 1.6 6.35584

4 0.1 5.26645
4 0.11 4.87643
4 0.12 4.62476
4 0.13 4.24199
4 0.14 3.82251
4 0.15 3.59982
4 0.16 3.32947
4 0.17 2.91666
4 0.18 2.72727
4 0.19 2.4416
4 0.2 2.31655
4 0.21 2.11514
4 0.22 2.05167
4 0.23 1.99724
4 0.24 1.99724
4 0.25 2.00275
4 0.26 1.98895
4 0.27 2.0942
4 0.28 2.25874
4 0.29 2.28059
4 0.3 2.47077
4 0.31 2.58412
4 0.32 2.7474
4 0.33 3.03696
4 0.34 3.09803
4 0.35 3.27945
4 0.36 3.48788
4 0.37 3.61661
4 0.38 3.85266
4 0.39 3.85266
4 0.4 4.13811
4 0.41 4.20153
4 0.42 4.27692
4 0.43 4.42258
4 0.44 4.61403
4 0.45 4.76674
4 0.46 4.76674
4 0.47 4.99366
4 0.48 4.99366
4 0.49 4.99366
4 0.5 5.08441
4 0.51 5.1533
4 0.52 5.37825
4 0.53 5.47068
4 0.54 5.52181
4 0.55 5.5238
4 0.56 5.53576
4 0.57 5.53576
4 0.58 5.70341
4 0.59 5.78685
4 0.6 5.76873
4 0.61 5.8352
4 0.62 5.8352
4 0.63 5.8352
4 0.64 5.8352
4 0.65 5.8352
4 0.66 5.88878
4 0.67 5.96223
4 0.68 5.96223
4 0.69 5.96223
4 0.7 5.96223
4 0.71 5.96223
4 0.72 5.96223
4 0.73 5.96223
4 0.74 6.02749
4 0.75 6.02749
4 0.76 6.02749
4 0.77 6.02749
4 0.78 6.02749
4 0.79 6.02749
4 0.8 6.02749
4 0.81 6.09204
4 0.82 6.09204
4 0.83 6.09204
4 0.84 6.09204
4 0.85 6.09204
4 0.86 6.09204
4 0.87 6.19339
4 0.88 6.19339
4 0.89 6.19339
4 0.9 6.19339
4 0.91 6.19339
4 0.92 6.19339
4 0.93 6.19339
4 0.94 6.19339
4 0.95 6.19339
4 0.96 6.19339
4 0.97 6.19339
4 0.98 6.19339
4 0.99 6.19339
4 1 6.19339
4 1.01 6.19339
4 1.02 6.19339
4 1.03 6.19339
4 1.04 6.19339
4 1.05 6.19339
4 1.06 6.19339
4 1.07 6.19339
4 1.08 6.19339
4 1.09 6.19339
4 1.1 6.19339
4 1.11 6.19339
4 1.12 6.19339
4 1.13 6.19339
4 1.14 6.23418
4 1.15 6.23418
4 1.16 6.23418
4 1.17 6.23418
4 1.18 6.23418
4 1.19 6.23418
4 1.2 6.23418
4 1.21 6.23418
4 1.22 6.23418
4 1.23 6.19517
4 1.24 6.19517
4 1.25 6.19517
4 1.26 6.19517
4 1.27 6.19517
4 1.28 6.19517
4 1.29 6.19517
4 1.3 6.19517
4 1.31 6.19517
4 1.32 6.19517
4 1.33 6.19517
4 1.34 6.26416
4 1.35 6.26416
4 1.36 6.26416
4 1.37 6.26416
4 1.38 6.26416
4 1.39 6.26416
4 1.4 6.26416
4 1.41 6.26416
4 1.42 6.26416
4 1.43 6.26416
4 1.44 6.26416
4 1.45 6.26416
4 1.46 6.26416
4 1.47 6.26416
4 1.48 6.26416
4 1.49 6.26416
4 1.5 6.26416
4 1.51 6.26416
4 1.52 6.26416
4 1.53 6.26416
4 1.54 6.22445
4 1.55 6.22445
4 1.56 6.22445
4 1.57 6.22445
4 1.58 6.22445
4 1.59 6.22445
4 1.6 6.23418

4.5 0.1 4.93819
4.5 0.11 4.52724
4.5 0.12 4.1114
4.5 0.13 3.70838
4.5 0.14 3.47363
4.5 0.15 3.2184
4.5 0.16 2.87671
4.5 0.17 2.57558
4.5 0.18 2.34021
4.5 0.19 2.02464
4.5 0.2 2.0355
4.5 0.21 1.79378
4.5 0.22 1.88367
4.5 0.23 1.95543
4.5 0.24 1.9299
4.5 0.25 2.1436
4.5 0.26 2.42576
4.5 0.27 2.49297
4.5 0.28 2.79512
4.5 0.29 2.8958
4.5 0.3 3.17879
4.5 0.31 3.30623
4.5 0.32 3.53651
4.5 0.33 3.62422
4.5 0.34 3.92211
4.5 0.35 4.23549
4.5 0.36 4.28464
4.5 0.37 4.42134
4.5 0.38 4.59128
4.5 0.39 4.79325
4.5 0.4 4.79325
4.5 0.41 4.96822
4.5 0.42 5.02994
4.5 0.43 5.05289
4.5 0.44 5.33609
4.5 0.45 5.43633
4.5 0.46 5.43633
4.5 0.47 5.52978
4.5 0.48 5.52978
4.5 0.49 5.52978
4.5 0.5 5.60205
4.5 0.51 5.85782
4.5 0.52 5.92608
4.5 0.53 5.92608
4.5 0.54 5.92608
4.5 0.55 5.92608
4.5 0.56 5.92608
4.5 0.57 6.10198
4.5 0.58 6.10198
4.5 0.59 6.19072
4.5 0.6 6.19072
4.5 0.61 6.19072
4.5 0.62 6.16397
4.5 0.63 6.16397
4.5 0.64 6.16397
4.5 0.65 6.16397
4.5 0.66 6.27031
4.5 0.67 6.2333
4.5 0.68 6.20228
4.5 0.69 6.20228
4.5 0.7 6.20228
4.5 0.71 6.20228
4.5 0.72 6.20228
4.5 0.73 6.19962
4.5 0.74 6.19962
4.5 0.75 6.19962
4.5 0.76 6.19962
4.5 0.77 6.19962
4.5 0.78 6.19962
4.5 0.79 6.19962
4.5 0.8 6.19962
4.5 0.81 6.19962
4.5 0.82 6.19962
4.5 0.83 6.19962
4.5 0.84 6.18093
4.5 0.85 6.18093
4.5 0.86 6.18093
4.5 0.87 6.18093
4.5 0.88 6.18093
4.5 0.89 6.18093
4.5 0.9 6.18093
4.5 0.91 6.18093
4.5 0.92 6.18093
4.5 0.93 6.18093
4.5 0.94 6.18093
4.5 0.95 6.18093
4.5 0.96 6.18093
4.5 0.97 6.20051
4.5 0.98 6.19962
4.5 0.99 6.19962
4.5 1 6.19962
4.5 1.01 6.19962
4.5 1.02 6.19962
4.5 1.03 6.19962
4.5 1.04 6.19962
4.5 1.05 6.19962
4.5 1.06 6.19962
4.5 1.07 6.19962
4.5 1.08 6.19962
4.5 1.09 6.19962
4.5 1.1 6.2624
4.5 1.11 6.2624
4.5 1.12 6.2624
4.5 1.13 6.2624
4.5 1.14 6.2624
4.5 1.15 6.2624
4.5 1.16 6.2624
4.5 1.17 6.2624
4.5 1.18 6.2624
4.5 1.19 6.2624
4.5 1.2 6.30798
4.5 1.21 6.30798
4.5 1.22 6.30798
4.5 1.23 6.30798
4.5 1.24 6.30798
4.5 1.25 6.30798
4.5 1.26 6.30798
4.5 1.27 6.25536
4.5 1.28 6.31933
4.5 1.29 6.31933
4.5 1.3 6.31933
4.5 1.31 6.31933
4.5 1.32 6.31933
4.5 1.33 6.31933
4.5 1.34 6.31933
4.5 1.35 6.31933
4.5 1.36 6.39128
4.5 1.37 6.39128
4.5 1.38 6.35757
4.5 1.39 6.35757
4.5 1.4 6.35757
4.5 1.41 6.35757
4.5 1.42 6.35757
4.5 1.43 6.35757
4.5 1.44 6.35757
4.5 1.45 6.35757
4.5 1.46 6.35757
4.5 1.47 6.35757
4.5 1.48 6.35757
4.5 1.49 6.35757
4.5 1.5 6.35757
4.5 1.51 6.35757
4.5 1.52 6.35757
4.5 1.53 6.35757
4.5 1.54 6.35757
4.5 1.55 6.35757
4.5 1.56 6.35757
4.5 1.57 6.35757
4.5 1.58 6.35757
4.5 1.59 6.35757
4.5 1.6 6.35757

5 0.1 4.59848
5 0.11 4.17918
5 0.12 3.70986
5 0.13 3.40313
5 0.14 3.14918
5 0.15 2.72121
5 0.16 2.39375
5 0.17 2.22433
5 0.18 2.0757
5 0.19 1.81515
5 0.2 1.87193
5 0.21 1.90403
5 0.22 2.0463
5 0.23 2.19692
5 0.24 2.50179
5 0.25 2.50839
5 0.26 2.80102
5 0.27 3.08556
5 0.28 3.29788
5 0.29 3.59062
5 0.3 3.63788
5 0.31 3.98205
5 0.32 4.24718
5 0.33 4.34085
5 0.34 4.48321
5 0.35 4.70859
5 0.36 4.80129
5 0.37 4.95489
5 0.38 5.07682
5 0.39 5.25388
5 0.4 5.34434
5 0.41 5.41094
5 0.42 5.50882
5 0.43 5.60401
5 0.44 5.60205
5 0.45 5.86158
5 0.46 5.86158
5 0.47 5.95946
5 0.48 5.95946
5 0.49 6.06485
5 0.5 6.06485
5 0.51 6.13889
5 0.52 6.13889
5 0.53 6.22445
5 0.54 6.26592
5 0.55 6.26592
5 0.56 6.26592
5 0.57 6.26592
5 0.58 6.26592
5 0.59 6.26592
5 0.6 6.26592
5 0.61 6.26592
5 0.62 6.35497
5 0.63 6.35497
5 0.64 6.30973
5 0.65 6.30973
5 0.66 6.30973
5 0.67 6.30973
5 0.68 6.30973
5 0.69 6.30973
5 0.7 6.38611
5 0.71 6.38611
5 0.72 6.38611
5 0.73 6.38611
5 0.74 6.38611
5 0.75 6.38611
5 0.76 6.38611
5 0.77 6.38611
5 0.78 6.38611
5 0.79 6.38611
5 0.8 6.38611
5 0.81 6.38611
5 0.82 6.38611
5 0.83 6.38611
5 0.84 6.39645
5 0.85 6.39645
5 0.86 6.39645
5 0.87 6.39645
5 0.88 6.38783
5 0.89 6.38783
5 0.9 6.38783
5 0.91 6.38783
5 0.92 6.38783
5 0.93 6.38783
5 0.94 6.38783
5 0.95 6.38783
5 0.96 6.38783
5 0.97 6.38783
5 0.98 6.38783
5 0.99 6.38783
5 1 6.38783
5 1.01 6.38783
5 1.02 6.38783
5 1.03 6.38783
5 1.04 6.38783
5 1.05 6.38783
5 1.06 6.38783
5 1.07 6.34022
5 1.08 6.34022
5 1.09 6.36796
5 1.1 6.36796
5 1.11 6.36796
5 1.12 6.36796
5 1.13 6.36796
5 1.14 6.36796
5 1.15 6.36796
5 1.16 6.36796
5 1.17 6.36796
5 1.18 6.36796
5 1.19 6.36796
5 1.2 6.36796
5 1.21 6.36796
5 1.22 6.36796
5 1.23 6.36796
5 1.24 6.36796
5 1.25 6.36796
5 1.26 6.36796
5 1.27 6.36796
5 1.28 6.36796
5 1.29 6.36796
5 1.3 6.36796
5 1.31 6.36796
5 1.32 6.31845
5 1.33 6.31845
5 1.34 6.31845
5 1.35 6.31845
5 1.36 6.31845
5 1.37 6.31845
5 1.38 6.31845
5 1.39 6.31845
5 1.4 6.31845
5 1.41 6.31845
5 1.42 6.31845
5 1.43 6.31845
5 1.44 6.31845
5 1.45 6.31845
5 1.46 6.31845
5 1.47 6.31845
5 1.48 6.31845
5 1.49 6.27821
5 1.5 6.22711
5 1.51 6.22711
5 1.52 6.22711
5 1.53 6.22711
5 1.54 6.22711
5 1.55 6.22711
5 1.56 6.22711
5 1.57 6.22711
5 1.58 6.22711
5 1.59 6.22711
5 1.6 6.22711

